0.000000
0.013053
0.005751
0.000611
0.000668
0.003844
0.006036
0.003655
0.001385
0.001275
0.000014
0.000378
0.001259
0.000421
0.002222
0.003888
0.000216
0.000378
0.002844
0.007219
0.005000
0.001921
0.000614
0.001448
0.000040
0.003665
0.008217
0.003088
0.001259
0.001902
0.001098
0.017868
0.001922
0.002828
0.000924
0.004087
0.000643
0.001569
0.003606
0.003526
0.001073
0.000254
0.008444
0.016274
0.020790
0.005668
0.019402
0.004663
0.005266
0.004319
0.003280
0.002063
0.001592
0.004769
0.002745
0.007006
0.009817
0.009772
0.014197
0.015274
0.012087
0.001717
0.003670
0.031916
0.027737
0.001216
0.000073
0.007548
0.004312
0.006080
0.003458
0.000390
0.001907
0.000433
0.008953
0.002280
0.002954
0.004844
0.001959
0.006084
0.001469
0.001152
0.002116
0.009039
0.000413
0.010124
0.004394
0.004022
0.022048
0.008650
0.012519
0.021128
0.004547
0.000445
0.004930
0.004954
0.004274
0.008518
0.006176
0.021144
0.004483
0.019143
0.008098
0.002442
0.007120
0.003605
0.010553
0.060116
0.043143
0.043325
0.043065
0.010066
0.004444
0.028874
0.009625
0.006681
0.007916
0.004941
0.001270
0.000255
0.011516
0.001344
0.011010
0.000222
0.007015
0.005346
0.031695
0.029809
0.004332
0.018651
0.025155
0.029969
0.009526
0.020239
0.006718
0.004934
0.000589
0.006091
0.010332
0.000340
0.005406
0.002544
0.003025
0.002538
0.002470
0.002724
0.033940
0.020455
0.001494
0.020313
0.021978
0.028075
0.019051
0.025641
0.043055
0.034884
0.037424
0.015919
0.019556
0.009891
0.007658
0.025600
0.008751
0.028589
0.000143
0.003470
0.001970
0.008107
0.012437
0.011254
0.006879
0.005760
0.022812
0.007765
0.003017
0.014571
0.004067
0.004655
0.019938
0.001091
0.013421
0.011185
0.023266
0.006043
0.007555
0.022966
0.000122
0.003570
0.006960
0.002609
0.002635
0.003526
0.020401
0.024539
0.003592
0.004889
0.000125
0.010803
0.005442
0.006810
0.000932
0.017194
0.016474
0.004379
0.044606
0.006672
0.025455
0.009371
0.014880
0.007024
0.014331
0.000123
0.011552
0.009251
0.004737
0.007561
0.012448
0.001428
0.003480
0.004716
0.000700
0.010272
0.008823
0.005776
0.008683
0.000565
0.000801
0.007793
0.002211
0.006628
0.011998
0.012939
0.001209
0.002991
0.000538
0.002880
0.001569
0.009955
0.005029
0.004780
0.020576
0.015052
0.009735
0.004890
0.012274
0.015367
0.002589
0.002068
0.001155
0.002220
0.004347
0.005414
0.004929
0.010643
0.002834
0.013960
0.002629
0.005704
0.007400
0.024869
0.039017
0.038838
0.021841
0.009018
0.002311
0.003190
0.003032
0.001812
0.011042
0.000367
0.004983
0.006639
0.003600
0.010527
0.002921
0.002379
0.005152
0.016571
0.005484
0.007884
0.000936
0.001334
0.002577
0.004841
0.002832
0.007402
0.004843
0.001486
0.003314
0.001933
0.002499
0.004073
0.007872
0.000128
0.001309
0.007189
0.002528
0.002169
0.019502
0.001419
0.009180
0.011375
0.000432
0.008117
0.007891
0.011577
0.002872
0.007830
0.002853
0.011112
0.008487
0.018252
0.032468
0.033998
0.004456
0.010570
0.008655
0.013594
0.006606
0.001315
0.003613
0.009357
0.009299
0.012398
0.000771
0.007500
0.003471
0.008705
0.003644
0.004567
0.011943
0.001535
0.002470
0.002349
0.011076
0.006247
0.012313
0.002244
0.001462
0.003174
0.003474
0.003468
0.005347
0.011330
0.005444
0.014127
0.002013
0.002797
0.005143
0.001204
0.002076
0.010027
0.000832
0.001491
0.001111
0.005036
0.000055
0.007489
0.006764
0.008216
0.000833
0.011634
0.020026
0.022133
0.023393
0.007383
0.031063
0.019520
0.007516
0.040816
0.023259
0.040096
0.015899
0.019609
0.008855
0.011072
0.003265
0.003358
0.003183
0.000229
0.002357
0.032540
0.015757
0.026267
0.018593
0.000415
0.002397
0.001571
0.002319
0.002586
0.001773
0.001596
0.000854
0.003716
0.002250
0.002019
0.002181
0.004686
0.007536
0.001171
0.003574
0.000448
0.001591
0.001374
0.002898
0.001638
0.013472
0.015609
0.001592
0.000441
0.002391
0.002076
0.000328
0.004026
0.004426
0.002706
0.001556
0.005878
0.000409
0.002118
0.000401
0.000912
0.000564
0.000214
0.000080
0.002527
0.002993
0.001982
0.006191
0.001444
0.000478
0.002941
0.004450
0.003082
0.001638
0.003346
0.002045
0.008393
0.001748
0.002681
0.011849
0.002616
0.002224
0.001918
0.000437
0.000357
0.000171
0.001699
0.001826
0.000058
0.007704
0.001766
0.006604
0.003201
0.000382
0.002120
0.001045
0.000845
0.000486
0.002197
0.001276
0.000328
0.002645
0.001638
0.003358
0.004329
0.004715
0.004793
0.000996
0.001611
0.002879
0.001261
0.002226
0.000423
0.001368
0.001032
0.000044
0.002898
0.000071
0.003151
0.002041
0.000661
0.001630
0.001330
0.000172
0.002353
0.000353
0.000045
0.001341
0.002021
0.001201
0.001470
0.001014
0.002740
0.001550
0.008635
0.005763
0.006533
0.007242
0.009245
0.000224
0.000565
0.002772
0.000622
0.005262
0.003180
0.000947
0.004856
0.005931
0.007372
0.001134
0.002565
0.000489
0.001194
0.003917
0.002244
0.002299
0.001831
0.001554
0.002812
0.001852
0.001098
0.002315
0.000529
0.001800
0.000711
0.003045
0.002160
0.000679
0.000200
0.003398
0.000600
0.003177
0.005083
0.001382
0.002839
0.005524
0.002101
0.006965
0.001336
0.000666
0.004038
0.000824
0.005775
0.005884
0.004311
0.015439
0.002273
0.001404
0.001513
0.013491
0.012393
0.002546
0.001780
0.000973
0.001785
0.001064
0.002085
0.003410
0.000458
0.000918
0.002406
0.002150
0.002135
0.001633
0.003988
0.003115
0.002099
0.003112
0.001840
0.000001
0.003264
0.000033
0.008328
0.007857
0.004972
0.002009
0.002393
0.001975
0.012734
0.007125
0.016175
0.003064
0.013608
0.002662
0.004153
0.001531
0.002906
0.000297
0.009044
0.000852
0.005526
0.008139
0.007425
0.002117
0.003504
0.001999
0.001560
0.004257
0.003525
0.002629
0.002846
0.002254
0.005160
0.009255
0.002718
0.012233
0.011809
0.001200
0.014681
0.005371
0.007517
0.004301
0.006912
0.004091
0.005757
0.011886
0.010887
0.002367
0.000276
0.010219
0.012104
0.004058
0.008371
0.000559
0.000755
0.011212
0.004769
0.000582
0.001724
0.010093
0.000240
0.008194
0.006991
0.001586
0.001257
0.000858
0.001063
0.004270
0.002657
0.000556
0.001902
0.002323
0.005105
0.003280
0.002634
0.006219
0.003979
0.012583
0.001702
0.001864
0.003792
0.002424
0.001705
0.000909
0.000737
0.001579
0.000526
0.006310
0.010684
0.008768
0.005360
0.016424
0.013758
0.014414
0.013651
0.003889
0.007359
0.008769
0.001766
0.000514
0.019884
0.000379
0.000050
0.000039
0.000390
0.000126
0.000085
0.000342
0.000146
0.000302
0.000098
0.000392
0.000110
0.000396
0.000138
0.000433
0.000035
0.000385
0.000131
0.000307
0.000002
0.000285
0.000125
0.000159
0.000139
0.000205
0.000102
0.000122
0.000092
0.000008
0.000009
